seeds: 79 14 55 13

seed-to-soil map:
-1 -1 0
50 98 2
52 50 48
111111111111 111111111111 0

soil-to-fertilizer map:
-1 -1 0
0 15 37
37 52 2
39 0 15
111111111111 111111111111 0

fertilizer-to-water map:
-1 -1 0
49 53 8
0 11 42
42 0 7
57 7 4
111111111111 111111111111 0

water-to-light map:
-1 -1 0
88 18 7
18 25 70
111111111111 111111111111 0

light-to-temperature map:
-1 -1 0
45 77 23
81 45 19
68 64 13
111111111111 111111111111 0

temperature-to-humidity map:
-1 -1 0
0 69 1
1 0 69
111111111111 111111111111 0

humidity-to-location map:
-1 -1 0
60 56 37
56 93 4
111111111111 111111111111 0
